0,1,2,3,4,5,6,7,8,9
43.28386327004794, 43.75941305286224, 112.81406406031631, 25.233645796911173, 35.17855488525948, 0.9661835473482402, 30.855018159030234, 0.0, 0.0, 1.0
28.35806836497603, 47.5188117647565, 90.45225847688867, 33.33333395228084, 52.14290385338499, 7.7294683787859215, 22.304832137156083, 0.0, 0.0, 1.0
22.08098716848429, 42.10526844140926, 89.19597827395732, 38.940808939196366, 56.78565784382646, 6.280192967780705, 21.840150811706636, 0.0, 0.0, 1.0
28.577857785778576, 37.293242679294366, 92.71356883258163, 31.15264696567284, 50.0, 9.17874378979114, 25.92937040614957, 0.0, 0.0, 1.0
27.524438490360662, 38.1955046801749, 90.95477055806121, 29.595016056442145, 58.3928697936251, 8.856682907284583, 24.535313135085786, 0.0, 0.0, 1.0
21.114960333242628, 30.977451696034578, 90.70351451747494, 41.4330221076505, 56.42857532111542, 10.305957838381229, 24.535313135085786, 0.0, 50.98039124022075, 1.0
27.567873066376404, 38.64662851013118, 90.45225847688867, 26.47975052429573, 58.57134293546084, 9.339774231044418, 25.46468464912831, 0.0, 0.0, 1.0
28.138802252318253, 36.39098067841383, 90.70351451747494, 23.676011173995455, 61.249938692432195, 9.17874378979114, 26.1152393910719, 0.0, 0.0, 1.0
35.250559939714904, 49.77444525550585, 89.94974639571613, 33.64486013412698, 40.53574639920218, 9.01771334853786, 26.672864072126135, 0.0, 0.0, 1.0
28.094844368157744, 34.13534718766447, 90.45225847688867, 33.33333395228084, 56.78565784382646, 9.17874378979114, 27.602226723025034, 0.0, 21.568627737431015, 1.0
20.017583153664205, 29.924824645813942, 86.93467390868089, 39.56386130288864, 60.535637407970526, 10.789050121958205, 24.72119098315174, 0.0, 47.05882335754139, 1.0
28.44598413329705, 31.127831086342667, 91.95980071082282, 30.529594601980563, 57.14287660557708, 9.661836073368114, 29.08922291812179, 0.0, 0.0, 1.0
20.807778452263832, 32.33083752687139, 86.18090578692208, 34.579438679665394, 61.96423997689386, 11.111111004464762, 24.349444150163457, 0.0, 47.05882335754139, 1.0
27.78766248717895, 32.030078746255214, 89.44723431454359, 30.529594601980563, 60.714246788845834, 8.695652466031303, 27.416357738102704, 0.0, 33.33333430726545, 1.0
28.44598413329705, 28.27068003436096, 90.2010024363024, 31.775699329365118, 62.142849357769165, 9.339774231044418, 28.531598237067556, 0.0, 0.0, 1.0
28.35806836497603, 31.278210476650752, 88.94472223337105, 29.283489874596004, 61.249938692432195, 9.339774231044418, 27.50929666213568, 0.0, 0.0, 1.0
29.368053084378204, 29.323321425549583, 92.21105675140909, 27.10280288798801, 58.92856169721146, 9.822866514621394, 30.390332402008973, 0.0, 0.0, 1.0
47.45410587570385, 54.586471017620745, 96.73366548196196, 18.691588550772206, 27.67859575697135, 2.4154590183420286, 34.57248648891307, 0.0, 0.0, 1.0
34.94285475059134, 47.669176814096595, 93.71859299492671, 27.725855251680287, 41.25004768366385, 0.9661835473482402, 32.15613650606104, 0.0, 0.0, 1.0
27.2167333012371, 34.43610596828065, 88.94472223337105, 43.613709094258496, 52.14290385338499, 8.695652466031303, 27.973973556013316, 0.0, 13.725490511174119, 1.0
27.875578255499967, 31.428575525990855, 89.19597827395732, 37.38317802996567, 52.49998637609605, 8.695652466031303, 28.71747608513351, 0.0, 37.254902189944815, 1.0
37.35739853055073, 60.75189695154044, 94.22110507609926, 0.0, 39.464226352989904, 0.4830917736741201, 33.17843808099291, 0.0, 0.0, 1.0
27.260691185397608, 30.827072305726492, 90.95477055806121, 31.15264696567284, 53.21428766055771, 9.500804672297697, 30.390332402008973, 0.0, 0.0, 1.0
27.919536139660476, 31.278210476650752, 89.69849035512986, 33.0218077704347, 57.32134974741282, 9.983896955874672, 29.3680308270771, 0.0, 0.0, 1.0
26.558411655119, 39.8496349506599, 87.93969807102597, 26.79127670614187, 54.285671467730424, 8.05152974120105, 27.881043495123965, 0.0, 0.0, 1.0
28.489942017457558, 33.8345884070483, 88.94472223337105, 28.660437510903726, 56.96426722470177, 10.466988279634508, 28.81040614602286, 0.0, 0.0, 1.0
29.763150733678017, 37.293242679294366, 87.43718598985343, 34.890964861511534, 50.535691903586354, 9.500804672297697, 27.881043495123965, 0.0, 0.0, 1.0
26.602369539279508, 32.1804581365633, 87.43718598985343, 32.39875540674242, 57.67856850916344, 9.01771334853786, 27.881043495123965, 0.0, 0.0, 1.0
28.665773554099594, 27.518811764756496, 88.44221015219851, 35.51401722520381, 59.642862981673126, 9.17874378979114, 28.90334507005584, 0.0, 0.0, 1.0
29.368053084378204, 35.3383536281932, 87.6884420304397, 30.8411207838267, 54.46428084860573, 9.661836073368114, 28.438659313034577, 0.0, 0.0, 1.0
28.665773554099594, 28.87218325462532, 89.44723431454359, 31.46417314751898, 58.3928697936251, 9.822866514621394, 30.297393477975998, 0.0, 27.450981022348238, 1.0
27.74370460301844, 31.729334306607026, 87.93969807102597, 26.47975052429573, 61.78563059601855, 9.01771334853786, 28.996283994088817, 0.0, 0.0, 1.0
28.97295543507839, 31.879713696915115, 87.43718598985343, 29.283489874596004, 56.42857532111542, 9.822866514621394, 29.08922291812179, 2.8571428841744413, 43.13725547486203, 1.0
28.006928599836726, 27.6691768140966, 87.18592994926716, 33.95638631597311, 63.92853444940354, 9.661836073368114, 28.996283994088817, 0.0, 11.764705839385348, 1.0
29.324095200217695, 29.473686474889682, 88.94472223337105, 32.71028158858856, 56.0713565593648, 9.17874378979114, 30.855018159030234, 0.0, 0.0, 1.0
19.84175161702217, 38.49624911982309, 86.68341786809462, 28.660437510903726, 52.32137699522073, 9.01771334853786, 29.182152979011146, 0.0, 0.0, 1.0
34.85546229041509, 47.5188117647565, 88.69346619278478, 32.087229224896284, 35.714246788845834, 8.212560182454327, 31.13382606798554, 3.4920633674178543, 0.0, 1.0
29.938458962175286, 30.22556908546213, 87.43718598985343, 33.0218077704347, 56.24996594024011, 10.305957838381229, 30.204463417086643, 0.0, 0.0, 1.0
48.20034329014297, 52.33083752687139, 95.97989736020315, 5.607476843758039, 34.99994550438417, 1.7713365334660593, 38.47583266686186, 0.0, 0.0, 1.0
48.20034329014297, 52.33083752687139, 95.97989736020315, 5.607476843758039, 34.99994550438417, 1.7713365334660593, 38.47583266686186, 0.0, 0.0, 1.0
29.763150733678017, 30.977451696034578, 87.93969807102597, 25.856698160603454, 57.49995912828813, 10.305957838381229, 31.040896007096187, 0.0, 0.0, 1.0
28.094844368157744, 29.774445255505857, 85.92964974633581, 28.34891132905759, 60.535637407970526, 9.500804672297697, 29.83271658409836, 0.0, 0.0, 1.0
29.14826366357566, 37.293242679294366, 85.175881624577, 32.39875540674242, 52.678595756971355, 9.500804672297697, 29.3680308270771, 0.0, 0.0, 1.0
48.068469637661444, 45.11278454273106, 96.4824094413757, 13.395639745702818, 34.821472362548434, 2.737520140802871, 40.05575892284797, 0.0, 0.0, 1.0
29.455968852699222, 30.075189695154045, 86.18090578692208, 28.03738514721145, 56.0713565593648, 9.983896955874672, 30.947957083063212, 0.0, 58.823532849172196, 1.0
34.46036464111528, 41.503765221144896, 87.43718598985343, 33.0218077704347, 38.21423316494188, 8.856682907284583, 33.17843808099291, 0.0, 0.0, 1.0
33.0992401565738, 36.992483898678195, 84.67336355298794, 27.725855251680287, 51.964294472509685, 9.17874378979114, 31.598511825006803, 0.0, 31.372548905027593, 1.0
68.13001067548615, 49.02256264493341, 92.9648248731679, 13.084111707014168, 31.428575321115417, 0.3220611824494134, 40.799252588824544, 0.0, 19.607843796091338, 1.0
48.639398823603294, 37.293242679294366, 94.7236171572718, 15.576324875468304, 38.92853444940354, 2.0933976559269016, 42.65799561690958, 0.0, 0.0, 1.0
34.37244887279426, 42.85715105198171, 84.1708514718154, 29.283489874596004, 40.53574639920218, 9.500804672297697, 32.34200549098337, 0.0, 0.0, 1.0
52.89755719758022, 44.96241949339097, 93.46733695434044, 6.853582499563851, 34.642862981673126, 1.4492754110052173, 43.02974244989787, 0.0, 31.372548905027593, 1.0
35.601699704854205, 37.14286328898628, 83.66833939064286, 30.8411207838267, 45.53571915139427, 9.661836073368114, 34.47955642802372, 0.0, 21.568627737431015, 1.0
30.421472379796118, 40.60151756123235, 72.11054954284137, 28.03738514721145, 54.107062086855116, 8.856682907284583, 33.45724598994822, 0.0, 0.0, 1.0
31.694681096016577, 36.24061562907373, 71.35678142108256, 30.8411207838267, 54.285671467730424, 8.856682907284583, 33.828992822936506, 0.0, 0.0, 1.0
29.10430577941515, 37.293242679294366, 70.60301329932375, 31.15264696567284, 56.607184701990725, 8.212560182454327, 33.36431592905887, 0.0, 17.64705985475166, 1.0
28.709208130115336, 25.864667153303515, 68.09045289346103, 31.15264696567284, 69.46419910518199, 9.01771334853786, 33.73606276204715, 0.0, 47.05882335754139, 1.0
4.39003202645846, 33.98496779735638, 87.18592994926716, 25.856698160603454, 56.607184701990725, 9.983896955874672, 27.137549829147396, 0.0, 60.78431532961369, 1.0
31.123751910074727, 32.1804581365633, 87.43718598985343, 31.15264696567284, 56.0713565593648, 9.661836073368114, 27.881043495123965, 0.0, 0.0, 1.0
28.050886483997235, 41.35338583083681, 93.969849035513, 27.41432906983415, 56.78565784382646, 9.500804672297697, 24.163566302097504, 0.0, 0.0, 1.0
28.050886483997235, 40.00001434096799, 91.95980071082282, 28.03738514721145, 53.21428766055771, 9.17874378979114, 26.394056163170827, 0.0, 21.568627737431015, 1.0
34.679630753773054, 43.15790983259788, 90.95477055806121, 25.545171978757313, 50.535691903586354, 2.254428337134465, 30.947957083063212, 0.0, 0.0, 1.0
37.840411948171564, 46.315805324227775, 89.94974639571613, 32.087229224896284, 34.107171078086765, 1.9323670946964804, 30.111524493053665, 21.904761165898606, 0.0, 1.0
46.400686580285935, 41.804524001761074, 96.98492152254823, 18.38006236892607, 35.35716426613479, 3.7037037481396826, 38.197024757906554, 0.0, 21.568627737431015, 1.0
48.81470705210056, 51.72933430660703, 95.72864131961688, 15.264796836779652, 27.499986376096043, 0.0, 39.591073165826714, 0.0, 0.0, 1.0
46.400686580285935, 41.35338583083681, 93.969849035513, 19.003114732618346, 39.285753211154166, 2.8985508220104346, 38.84757949985015, 0.0, 13.725490511174119, 1.0
43.19594750172692, 44.5112813224667, 90.2010024363024, 25.856698160603454, 38.39284254581719, 1.4492754110052173, 36.89590641087575, 0.0, 0.0, 1.0
45.52257551336529, 34.88722979823692, 91.70854467023655, 18.06853618707993, 43.03573277529823, 3.059581263263713, 41.07806936092347, 0.0, 33.33333430726545, 1.0
45.52257551336529, 34.88722979823692, 91.70854467023655, 18.06853618707993, 44.821417866932606, 3.059581263263713, 41.07806936092347, 0.0, 33.33333430726545, 1.0
45.52257551336529, 35.93985684845756, 89.94974639571613, 19.003114732618346, 42.67851401354761, 3.7037037481396826, 40.799252588824544, 0.0, 31.372548905027593, 1.0
52.019446130659574, 38.79700790043926, 89.94974639571613, 16.51090342100672, 38.92853444940354, 1.9323670946964804, 44.05204402482974, 0.0, 5.882352919692674, 1.0
20.149456806145732, 62.10526844140926, 92.21105675140909, 45.17134000348919, 36.78576683505812, 2.576489459595307, 17.936804633757845, 0.0, 23.529411678770696, 2.0
32.17717120549264, 43.75941305286224, 97.2361775631345, 30.529594601980563, 38.39284254581719, 8.695652466031303, 26.858733057048465, 0.0, 62.745097810055185, 2.0
20.98360998890587, 35.488733018501286, 90.2010024363024, 38.317756575504085, 58.74995231633615, 10.789050121958205, 22.304832137156083, 0.0, 0.0, 2.0
22.651393046281374, 39.248131730395535, 89.69849035512986, 39.875391198419806, 54.64289022948104, 9.822866514621394, 22.86245238663851, 0.0, 0.0, 2.0
21.114960333242628, 34.43610596828065, 89.44723431454359, 38.940808939196366, 58.92856169721146, 11.594203288041738, 22.955391310671487, 0.0, 0.0, 2.0
20.85173633642434, 34.43610596828065, 89.94974639571613, 38.006230393657944, 59.107171078086765, 11.111111004464762, 23.513011560153913, 0.0, 0.0, 2.0
23.266280116383733, 40.75188261057245, 90.70351451747494, 38.940808939196366, 46.07141105498063, 10.628019680704927, 24.163566302097504, 0.0, 0.0, 2.0
22.476084817784105, 34.13534718766447, 89.94974639571613, 38.940808939196366, 53.92858894501937, 9.822866514621394, 24.25650522613048, 0.0, 0.0, 2.0
21.861197747681747, 47.96993559471277, 88.44221015219851, 29.906542238288285, 54.82136337131678, 5.958132085274148, 23.32713814365977, 0.0, 27.450981022348238, 2.0
20.85173633642434, 31.428575525990855, 88.44221015219851, 50.155762626712445, 54.46428084860573, 11.111111004464762, 23.605946052615078, 0.0, 0.0, 2.0
20.93965210474536, 32.030078746255214, 88.44221015219851, 57.00934234101253, 50.89291066533698, 11.111111004464762, 23.605946052615078, 0.0, 0.0, 2.0
20.98360998890587, 37.89474589955873, 86.68341786809462, 35.51401722520381, 59.99994550438417, 9.822866514621394, 22.5836444776832, 0.0, 0.0, 2.0
23.309714692399474, 40.30075878061617, 89.19597827395732, 29.906542238288285, 53.571370183268755, 10.950080563211484, 24.814129907184718, 0.0, 0.0, 2.0
21.02704456492161, 35.488733018501286, 88.44221015219851, 39.252335121042506, 54.64289022948104, 10.950080563211484, 24.349444150163457, 0.0, 17.64705985475166, 2.0
12.905825466267556, 52.93234074713575, 77.63818842615584, 55.76323761362797, 44.10711658247094, 17.713365814569165, 15.334572371268045, 0.0, 0.0, 2.0
22.388169049463087, 39.54887617004373, 89.94974639571613, 37.38317802996567, 51.964294472509685, 7.246376575117516, 25.83643148211659, 0.0, 0.0, 2.0
19.929667385343187, 37.74436650925064, 87.6884420304397, 36.76012566627339, 61.4285480733075, 6.119162526527426, 24.163566302097504, 0.0, 0.0, 2.0
23.266280116383733, 40.15037939030809, 87.6884420304397, 38.317756575504085, 50.71430128446166, 10.789050121958205, 24.628252059118765, 0.0, 19.607843796091338, 2.0
22.08098716848429, 34.28572657797256, 87.93969807102597, 37.07165184811953, 54.999972752192086, 9.661836073368114, 24.999998892107048, 0.0, 0.0, 2.0
23.046490695581188, 27.36843237444841, 87.43718598985343, 49.22118408117402, 61.07146555059646, 10.144927397127951, 24.628252059118765, 0.0, 17.64705985475166, 2.0
31.869989324513845, 33.082720137443836, 93.969849035513, 25.545171978757313, 44.10711658247094, 10.305957838381229, 32.80669124800463, 0.0, 43.13725547486203, 2.0
21.510057982542442, 32.631581966519576, 86.43216182750835, 36.137073302581115, 58.03565103187449, 7.085346133864237, 26.394056163170827, 0.0, 0.0, 2.0
20.763820568103323, 35.93985684845756, 85.67839370574954, 40.186917380265946, 61.60715745418281, 1.1272141685672326, 27.50929666213568, 0.0, 37.254902189944815, 2.0
20.85173633642434, 37.74436650925064, 83.91959543122913, 36.76012566627339, 58.74995231633615, 6.280192967780705, 25.92937040614957, 0.0, 0.0, 2.0
22.563477277960356, 29.774445255505857, 83.66833939064286, 37.38317802996567, 61.96423997689386, 10.789050121958205, 26.1152393910719, 0.0, 0.0, 2.0
32.704142507273986, 39.54887617004373, 86.18090578692208, 35.51401722520381, 43.75003405975989, 8.212560182454327, 29.460969751110074, 0.0, 0.0, 2.0
31.869989324513845, 34.43610596828065, 90.95477055806121, 23.987537355841596, 45.17850038964365, 10.305957838381229, 34.38661750399074, 0.0, 29.411766424586098, 2.0
27.567873066376404, 22.105268441409258, 81.6582910659527, 27.10280288798801, 66.7857395872502, 9.983896955874672, 32.24906656695039, 0.0, 47.05882335754139, 2.0
25.197810478722293, 29.172942035241494, 72.36181157384416, 44.23676145795078, 60.714246788845834, 11.755233729295016, 28.90334507005584, 0.0, 0.0, 2.0
30.553346032277645, 33.53384396740011, 74.37185989853432, 35.51401722520381, 55.53566465577844, 9.661836073368114, 31.226764992018516, 4.444444328809334, 0.0, 2.0
23.704812341699288, 30.37594847577022, 71.60803746166883, 35.825547120734974, 61.78563059601855, 9.17874378979114, 31.226764992018516, 3.4920633674178543, 43.13725547486203, 2.0
26.99746718857932, 24.360916273126602, 68.3417089340473, 41.74454828949664, 54.64289022948104, 11.272141445718042, 35.31598015488964, 0.0, 0.0, 2.0
30.94844368157746, 28.421059424669046, 69.3467330963924, 16.82242960285286, 71.42849357769167, 5.636070722859021, 37.0817842589417, 0.0, 39.215687592182675, 2.0
70.67642810792707, 46.165425933919686, 79.14573066008998, 11.526480797783472, 13.571451926692498, 1.2882447297976536, 57.71375564765051, 0.0, 0.0, 2.0
56.84801038243359, 46.61654976387596, 72.8643236550167, 27.41432906983415, 23.92861619282729, 1.2882447297976536, 49.814124367719955, 0.0, 0.0, 2.0
59.70160969585331, 10.827072305726492, 0.0, 49.532710263020164, 42.50004087171187, 13.043478219138386, 72.58363783032549, 0.0, 66.6666686145309, 2.0
88.23550959747138, 0.0, 0.0, 56.386289977320246, 0.0, 9.339774231044418, 73.14126251137972, 100.0, 54.901962044696475, 2.0
100.0, 23.609033662554154, 0.0, 22.11838026476476, 6.250102179279677, 1.9323670946964804, 100.0, 0.0, 47.05882335754139, 2.0
48.59544093944278, 55.63911240880937, 0.0, 22.11838026476476, 51.071383807172715, 1.6103059722356383, 56.59851514868566, 0.0, 15.686274452513796, 2.0
30.86052791325644, 44.96241949339097, 0.0, 8.411215265637058, 82.85704165099918, 0.0, 51.67285853266137, 0.0, 0.0, 2.0
67.9986603311494, 7.518797423788511, 0.0, 14.953270654933513, 60.714246788845834, 0.0, 85.96654154419095, 0.0, 0.0, 2.0
71.29079186988466, 4.360916273126604, 0.0, 14.330218291241236, 58.3928697936251, 0.0, 88.56876937510893, 0.0, 0.0, 2.0
72.95909823540494, 28.72181820528522, 0.0, 11.838006979629611, 39.464226352989904, 0.9661835473482402, 83.36430485012934, 0.0, 0.0, 2.0
34.108701567831204, 41.05264139118862, 96.23115340078942, 30.218068420134422, 48.928616192827285, 9.17874378979114, 25.83643148211659, 0.0, 27.450981022348238, 2.0
32.1337366294769, 35.63911240880937, 99.74874395941373, 28.03738514721145, 46.9643217203176, 9.661836073368114, 27.881043495123965, 0.0, 0.0, 2.0
32.089778745316394, 40.30075878061617, 97.73869563472357, 32.39875540674242, 45.89280167410532, 8.212560182454327, 26.486986224060182, 0.0, 0.0, 2.0
31.343541330877272, 37.74436650925064, 97.98995167530984, 34.890964861511534, 45.000027247807914, 8.856682907284583, 26.765802996159113, 0.0, 19.607843796091338, 2.0
26.031440353337658, 44.96241949339097, 92.46231279199536, 47.35202327641217, 40.178527637451566, 10.305957838381229, 22.769517894177344, 0.0, 0.0, 2.0
24.495007640298912, 38.64662851013118, 91.45728862965028, 38.629282757350225, 48.57139743107667, 10.466988279634508, 24.163566302097504, 0.0, 56.86274452513797, 2.0
23.57346199736253, 42.55640661233352, 89.69849035512986, 36.76012566627339, 47.14279486215334, 10.305957838381229, 23.513011560153913, 0.0, 0.0, 2.0
32.001862976995376, 37.89474589955873, 94.47236111668553, 32.087229224896284, 46.25002043585594, 9.339774231044418, 27.788104571090987, 0.0, 0.0, 2.0
24.05647541498336, 33.082720137443836, 88.94472223337105, 41.4330221076505, 56.24996594024011, 10.305957838381229, 24.163566302097504, 0.0, 41.17647007262417, 2.0
25.109894710401274, 37.59398711894256, 88.94472223337105, 37.07165184811953, 54.107062086855116, 9.01771334853786, 24.814129907184718, 0.0, 0.0, 2.0
25.98800577732192, 41.35338583083681, 87.43718598985343, 44.23676145795078, 48.39278805020136, 9.983896955874672, 23.791819469109218, 0.0, 0.0, 2.0
46.61995269294371, 37.14286328898628, 92.46231279199536, 26.79127670614187, 52.49998637609605, 8.695652466031303, 28.71747608513351, 0.0, 0.0, 2.0
33.23111380905532, 33.082720137443836, 91.95980071082282, 39.56386130288864, 48.21431490836562, 9.339774231044418, 28.996283994088817, 0.0, 23.529411678770696, 2.0
24.23178364348063, 33.23308518678394, 90.70351451747494, 30.218068420134422, 52.49998637609605, 9.01771334853786, 29.460969751110074, 0.0, 0.0, 2.0
42.40575220312729, 45.864667153303515, 57.286431167418364, 35.51401722520381, 38.92853444940354, 7.890499299947771, 41.07806936092347, 0.0, 33.33333430726545, 2.0
41.83482301718544, 42.40602722202543, 52.5125604058627, 42.9906530168812, 42.32143149083656, 8.534621064960884, 38.47583266686186, 8.571428652523323, 33.33333430726545, 2.0
39.727984426349614, 48.87218325462532, 33.91959842643738, 41.74454828949664, 34.821472362548434, 6.280192967780705, 47.67658229382322, 0.0, 35.29411970950332, 2.0
46.61995269294371, 45.41354332334724, 25.376884060879405, 33.33333395228084, 42.50004087171187, 5.314009840352464, 53.06691580372515, 0.0, 0.0, 2.0
65.80338266384778, 44.66166071277479, 0.0, 33.33333395228084, 25.535691903586358, 3.059581263263713, 74.44237199526691, 0.0, 19.607843796091338, 2.0
30.640738492453895, 40.60151756123235, 100.0, 27.725855251680287, 47.85709614661501, 9.339774231044418, 25.278806801062355, 0.0, 0.0, 2.0
30.070332614656813, 44.81204010308288, 98.74371979706865, 38.940808939196366, 35.714246788845834, 8.695652466031303, 25.83643148211659, 0.0, 29.411766424586098, 2.0
30.553346032277645, 39.09775234008745, 96.73366548196196, 29.906542238288285, 53.0356782796824, 8.373590623707607, 24.999998892107048, 0.0, 0.0, 2.0
29.58731919703598, 36.992483898678195, 97.98995167530984, 31.46417314751898, 45.000027247807914, 8.856682907284583, 27.973973556013316, 0.0, 54.901962044696475, 2.0
30.3335566114751, 34.13534718766447, 95.47738527903061, 24.610593433218895, 58.214260412749795, 9.01771334853786, 27.416357738102704, 0.0, 23.529411678770696, 2.0
26.163314005819185, 32.481216917179474, 90.95477055806121, 39.875391198419806, 56.24996594024011, 9.822866514621394, 24.90705996807407, 0.0, 0.0, 2.0
24.53896552445942, 30.977451696034578, 88.44221015219851, 38.940808939196366, 63.39284254581719, 10.628019680704927, 22.955391310671487, 0.0, 0.0, 2.0
24.53896552445942, 32.1804581365633, 89.44723431454359, 42.056074471342775, 59.46425360079782, 10.466988279634508, 23.791819469109218, 0.0, 0.0, 2.0
25.24124505473803, 39.09775234008745, 88.94472223337105, 41.12149592580436, 48.75000681195198, 10.950080563211484, 24.90705996807407, 0.0, 0.0, 2.0
32.30904485797417, 37.14286328898628, 91.20603258906401, 24.299067251372758, 53.92858894501937, 9.17874378979114, 27.695165647058012, 2.8571428841744413, 33.33333430726545, 2.0
24.01251753082285, 31.879713696915115, 88.19095411161224, 35.825547120734974, 57.14287660557708, 10.950080563211484, 26.02230046703892, 1.9047618045197803, 49.01960875977925, 2.0
26.075398237498167, 34.13534718766447, 87.18592994926716, 46.72897091271989, 51.964294472509685, 10.628019680704927, 25.557623573161283, 0.0, 0.0, 2.0
23.924601762501833, 33.98496779735638, 79.89949878184879, 29.283489874596004, 56.42857532111542, 9.339774231044418, 31.41264284008447, 0.0, 47.05882335754139, 2.0
31.782596864337595, 31.879713696915115, 92.21105675140909, 29.595016056442145, 49.28569871553834, 9.983896955874672, 30.204463417086643, 0.0, 68.6274510949724, 2.0
28.709208130115336, 43.909778102202345, 91.95980071082282, 25.545171978757313, 52.85706889880709, 1.7713365334660593, 29.460969751110074, 0.0, 0.0, 3.0
21.729847403344987, 39.09775234008745, 88.69346619278478, 32.71028158858856, 51.071383807172715, 9.01771334853786, 26.951671981081443, 0.0, 0.0, 3.0
24.363657295962156, 37.74436650925064, 89.69849035512986, 33.95638631597311, 51.60707571075907, 9.01771334853786, 27.973973556013316, 0.0, 19.607843796091338, 3.0
23.178364348062715, 21.503765221144896, 88.44221015219851, 33.0218077704347, 54.999972752192086, 9.17874378979114, 28.81040614602286, 0.0, 0.0, 3.0
24.14386787515961, 36.24061562907373, 86.68341786809462, 45.79439236718147, 47.67862300477927, 9.661836073368114, 27.416357738102704, 0.0, 33.33333430726545, 3.0
44.42519833378687, 53.98496779735638, 97.98995167530984, 16.82242960285286, 30.178582133067394, 0.0, 37.7323390008853, 0.0, 0.0, 3.0
29.14826366357566, 43.75941305286224, 91.70854467023655, 11.214952759094821, 56.96426722470177, 0.9661835473482402, 32.527883339049325, 0.0, 0.0, 3.0
21.729847403344987, 40.45113817092426, 85.42713766516327, 28.971963692749867, 51.42860256892333, 9.500804672297697, 26.858733057048465, 0.0, 0.0, 3.0
25.417076591380066, 32.030078746255214, 89.94974639571613, 31.775699329365118, 50.0, 9.822866514621394, 31.226764992018516, 0.0, 0.0, 3.0
23.309714692399474, 34.736850407928834, 85.42713766516327, 30.218068420134422, 57.14287660557708, 8.373590623707607, 29.27509190304412, 0.0, 0.0, 3.0
23.704812341699288, 40.30075878061617, 85.175881624577, 30.8411207838267, 50.535691903586354, 8.373590623707607, 29.92564664498771, 0.0, 0.0, 3.0
44.16145102882381, 49.62406586519777, 94.47236111668553, 9.034267629329337, 35.35716426613479, 1.7713365334660593, 39.21932633283843, 0.0, 0.0, 3.0
29.0169133192389, 42.10526844140926, 85.67839370574954, 38.317756575504085, 39.82144511474052, 9.339774231044418, 31.226764992018516, 0.0, 0.0, 3.0
29.894501078014777, 41.654144611452985, 84.42210751240167, 41.74454828949664, 38.03576002310614, 9.17874378979114, 31.41264284008447, 0.0, 17.64705985475166, 3.0
31.47489167521403, 39.09775234008745, 83.91959543122913, 38.940808939196366, 41.6071302063749, 9.01771334853786, 33.08549915695993, 0.0, 0.0, 3.0
35.95283946999351, 43.75941305286224, 88.94472223337105, 14.330218291241236, 50.71430128446166, 2.576489459595307, 32.15613650606104, 4.761904806957402, 47.05882335754139, 3.0
48.11242752182195, 52.030078746255214, 94.97487319785807, 19.314642771306996, 27.67859575697135, 3.7037037481396826, 34.47955642802372, 0.0, 72.54902189944814, 3.0
17.515646913528563, 49.32332142554958, 67.33668477170222, 100.0, 1.4286025689233302, 27.05313908579644, 4.089219594442933, 69.84126924056797, 0.0, 5.0
35.11868628723337, 30.075189695154045, 46.48241243658395, 48.90965789932788, 51.42860256892333, 9.661836073368114, 43.308550358853175, 0.0, 0.0, 5.0
46.35672869612543, 12.481216917179475, 47.23618055834277, 39.56386130288864, 54.46428084860573, 7.568437937532644, 55.57620471061016, 0.0, 0.0, 5.0
45.478617629204784, 4.511281322466703, 42.964824873167906, 39.56386130288864, 64.82144511474051, 9.339774231044418, 57.52787779958456, 0.0, 0.0, 5.0
37.489272183032256, 28.72181820528522, 0.0, 42.367600653188916, 70.35710977051896, 6.119162526527426, 56.691445209575015, 0.0, 0.0, 5.0
24.18782575932012, 32.030078746255214, 0.0, 47.97507935378947, 72.67848676573969, 15.619968158642262, 44.05204402482974, 0.0, 0.0, 5.0
38.58664936261068, 38.1955046801749, 0.0, 45.79439236718147, 57.49995912828813, 7.568437937532644, 54.73977212060062, 0.0, 0.0, 5.0
55.04835367257656, 40.75188261057245, 0.0, 40.186917380265946, 43.03573277529823, 5.152978919190614, 63.28995814247477, 0.0, 0.0, 5.0
8.823498628932661, 34.43610596828065, 0.0, 85.6697807803375, 11.964376215933429, 100.0, 14.219331872303195, 0.0, 0.0, 5.0
9.043288049735207, 34.13534718766447, 0.0, 85.04672841664522, 15.892828921913232, 100.0, 13.940519531776076, 0.0, 0.0, 5.0
40.73744583760702, 39.8496349506599, 0.0, 34.579438679665394, 43.57142467888458, 5.314009840352464, 65.70631698847042, 0.0, 0.0, 5.0
41.39629079186989, 31.879713696915115, 40.452261472096936, 58.566980677613266, 42.32143149083656, 12.238325053054853, 39.68401208985969, 7.619047218079121, 100.0, 5.0
44.074058568647565, 33.6842233577082, 8.291457576169643, 38.006230393657944, 63.92853444940354, 2.0933976559269016, 54.27509522672298, 0.0, 54.901962044696475, 5.0
34.679630753773054, 49.1729420352415, 60.05025360428387, 39.56386130288864, 45.714328532269576, 0.0, 38.47583266686186, 0.0, 0.0, 6.0
36.08418981433027, 46.015046543611604, 60.55276568545641, 28.03738514721145, 52.678595756971355, 0.0, 40.334575694946906, 0.0, 0.0, 6.0
31.343541330877272, 56.09023623876564, 56.281407005073284, 41.4330221076505, 45.89280167410532, 0.0, 35.59479692698857, 0.0, 0.0, 6.0
32.35300274213468, 50.526327866078304, 55.02512680214193, 42.679126835035056, 51.071383807172715, 0.0, 36.15241274489918, 0.0, 0.0, 6.0
8.077261214493543, 55.18797423788511, 43.718592994926716, 38.940808939196366, 84.64286298167312, 0.0, 20.07435113922638, 0.0, 0.0, 6.0
33.93339333933393, 64.06015749251043, 19.59798913697866, 45.17134000348919, 48.035705527490315, 0.0, 42.00743201182237, 0.0, 0.0, 6.0
35.162644171393886, 51.42857552599085, 0.0, 56.074763795474105, 52.32137699522073, 0.0, 50.6505569577295, 0.0, 0.0, 6.0
37.489272183032256, 57.594001459910544, 0.0, 8.411215265637058, 65.53574639920218, 0.0, 53.81040946970172, 0.0, 0.0, 6.0
0.0, 100.0, 0.0, 1.5576327660732072, 100.0, 0.0, 11.33829170085809, 0.0, 0.0, 6.0
0.7022795302786092, 44.5112813224667, 80.40201086302133, 47.35202327641217, 53.571370183268755, 28.34138453545695, 0.0, 37.77777845056387, 0.0, 7.0
31.738638980177086, 53.98496779735638, 81.90954710653897, 60.12461158684396, 25.714301284461666, 23.510467458590032, 3.3457259284663654, 51.7460300280244, 0.0, 7.0
52.67776777677768, 40.75188261057245, 83.91959543122913, 29.283489874596004, 45.89280167410532, 9.661836073368114, 31.598511825006803, 0.0, 0.0, 7.0
49.692818119021204, 62.10526844140926, 55.276382842728204, 55.14018524993569, 8.035787270914055, 12.238325053054853, 40.24163677091393, 0.0, 0.0, 7.0
54.87304544407929, 76.09023623876564, 45.97990035541141, 31.775699329365118, 11.071465550596454, 4.991948477937336, 29.55389981199943, 53.33333005350113, 0.0, 7.0
21.861197747681747, 47.36843237444841, 44.723617157271796, 46.72897091271989, 58.74995231633615, 0.0, 30.111524493053665, 24.12698309377691, 0.0, 7.0
21.378707638205682, 61.954903392069156, 0.0, 65.10903792375224, 61.96423997689386, 0.0, 30.947957083063212, 20.31745924821099, 17.64705985475166, 7.0
22.30025328114207, 52.1804581365633, 0.0, 77.88161880681399, 65.17852763745157, 0.6441223648988268, 33.5501849139812, 12.69841250318459, 17.64705985475166, 7.0
26.51445377095849, 60.45113817092426, 0.0, 53.271028158858854, 57.32134974741282, 0.0, 28.81040614602286, 50.47619000764302, 15.686274452513796, 7.0
24.934063173759235, 57.594001459910544, 0.0, 52.64797579516658, 62.142849357769165, 0.0, 28.71747608513351, 49.84126999745233, 13.725490511174119, 7.0
18.876248089925273, 51.278210476650756, 0.0, 74.45483080650645, 63.92853444940354, 1.2882447297976536, 33.828992822936506, 19.365079232924955, 9.803921898045669, 7.0
19.359261507546105, 47.21805298414032, 0.0, 70.09345683329046, 61.07146555059646, 2.254428337134465, 36.988845334908724, 25.714285011464526, 1.9607843065642245, 7.0
26.865593536097794, 59.699255560351816, 0.0, 63.862925768997634, 61.96423997689386, 0.0, 32.713752323971654, 20.95238115061257, 0.0, 7.0
18.26188432796768, 54.88722979823692, 0.0, 73.83177844281417, 58.74995231633615, 0.6441223648988268, 33.92193174696948, 20.31745924821099, 0.0, 7.0
21.685889519184478, 64.3609162731266, 0.0, 69.15887828775205, 57.85717789003875, 0.8051529861178192, 31.598511825006803, 16.825395407740412, 0.0, 7.0
17.25189960856551, 66.46617037356788, 0.0, 61.05919013238238, 65.89282892191324, 0.0, 27.044610905114418, 19.999999243115646, 0.0, 7.0
23.617419881523038, 18.345869729515, 0.0, 28.03738514721145, 95.89280167410531, 43.478261370339375, 32.527883339049325, 0.0, 0.0, 7.0
17.515646913528563, 61.954903392069156, 0.0, 66.35514265113679, 69.8214178669326, 0.0, 27.50929666213568, 17.777777315237337, 0.0, 7.0
23.836685994180815, 61.20302078149671, 0.0, 52.959501977012714, 58.92856169721146, 0.0, 26.486986224060182, 54.28571385320894, 0.0, 7.0
22.037029284323783, 63.458654272246065, 0.0, 61.68224249607466, 62.32145873864447, 0.0, 30.48327132604195, 21.269841155707915, 0.0, 7.0
27.08538295690034, 63.458654272246065, 0.0, 47.04049709456603, 56.78565784382646, 0.0, 29.55389981199943, 49.20634620283986, 0.0, 7.0
23.266280116383733, 63.30827488193798, 0.0, 49.22118408117402, 58.92856169721146, 0.0, 30.111524493053665, 43.80952233179721, 0.0, 7.0
31.430933791053523, 55.037609188545005, 0.0, 47.66355317194333, 54.46428084860573, 22.70531333268936, 9.665426520839, 91.42857229358212, 0.0, 7.0
23.046490695581188, 54.736850407928834, 0.0, 76.3239878975833, 54.285671467730424, 0.0, 37.36059216789701, 17.142857305046647, 0.0, 7.0
22.30025328114207, 51.278210476650756, 0.0, 80.68536187079928, 50.0, 1.2882447297976536, 34.851303261012, 33.650790815480825, 0.0, 7.0
25.021978942080256, 63.00753044228979, 0.0, 52.959501977012714, 58.03565103187449, 0.0, 27.602226723025034, 50.47619000764302, 0.0, 7.0
41.70347267284868, 54.586471017620745, 0.0, 53.894080522551135, 64.4642263529899, 0.0, 27.973973556013316, 52.06349003311975, 0.0, 7.0
23.52950411320202, 54.88722979823692, 0.0, 51.40187106778202, 67.85712339442291, 0.0, 28.345720389001603, 49.84126999745233, 0.0, 7.0
26.163314005819185, 52.631581966519576, 0.0, 55.76323761362797, 63.39284254581719, 0.0, 29.646838736032407, 53.01587004840578, 0.0, 7.0
